YEAR     JAN     FEB     MAR     APR     MAY     JUN     JUL     AUG     SEP     OCT     NOV     DEC     MAM     JJA     SON     DJF     ANN
 1901    80.8    77.3    87.1    71.5    53.5    66.5    61.5    67.9    75.5    80.4    79.2    89.7    70.7    65.3    78.4    86.5    74.2
 1902    90.2    79.5    78.4    71.6    77.5    64.5    70.6    74.7    75.1    82.4    81.5    86.0    75.8    69.9    79.7    83.5    77.7
 1903    85.9    78.8    72.1    87.0    65.3    68.5    73.2    77.5    72.4    84.6    87.0    92.0    74.8    73.1    81.3    88.7    78.7
 1904    87.3    86.9    81.2    72.7    66.7    65.9    56.0    61.0    73.2    78.5    86.4    88.3    73.5    61.0    79.4    85.4    75.3
 1905    82.6    85.2    79.9    80.9    60.0    62.6    68.7    70.1    82.3    84.6    85.9    89.7    73.6    67.1    84.2    88.3    77.7
 1906    86.9    88.2    84.0    63.1    75.3    76.1    70.5    71.4    71.6    78.0    88.9    86.7    74.1    72.7    79.5    86.8    78.4
 1907    87.7    85.9    75.2    73.6    62.8    80.2    80.3    74.8    66.6    80.7    81.7    90.4    70.5    78.4    76.3    86.4    78.3
 1908    80.0    88.8    84.3    79.2    76.3    67.4    74.6    76.7    75.2    66.0    75.4    91.6    79.9    72.9    72.2    84.5    78.0
 1909    83.1    78.8    85.3    65.6    55.0    75.9    83.4    71.6    81.2    80.6    83.5    87.8    68.6    77.0    81.8    87.1    77.7
 1910    88.0    85.5    71.4    73.8    66.8    71.4    83.4    74.3    79.3    78.6    86.3    89.5    70.7    76.4    81.4    87.3    79.0
 1911    91.1    81.3    78.3    70.1    61.3    68.6    57.2    55.2    66.5    77.6    86.4    89.9    69.9    60.3    76.8    84.4    73.6
 1912    86.7    76.5    85.3    66.3    64.6    72.1    66.0    81.5    81.4    75.1    91.2    88.3    72.1    73.2    82.6    84.7    77.9
 1913    88.8    77.0    77.6    68.2    66.8    76.1    81.9    71.1    72.8    74.6    88.9    91.0    70.9    76.3    78.8    83.9    77.9
 1914    85.3    75.3    85.1    62.2    73.6    71.4    73.8    68.7    73.3    85.8    89.6    88.7    73.6    71.3    82.9    88.1    77.7
 1915    92.2    83.2    88.3    71.0    57.5    56.6    74.3    75.7    69.7    83.8    84.1    86.3    72.3    68.9    79.2    85.3    76.9
 1916    87.5    82.0    81.7    69.8    63.6    78.8    77.2    74.0    75.0    83.9    85.8    90.4    71.7    76.6    81.6    86.3    79.1
 1917    91.6    76.9    83.8    84.1    45.8    52.7    69.7    76.9    70.9    78.6    88.2    87.4    71.3    66.5    79.2    84.7    75.6
 1918    84.1    82.6    69.1    83.8    55.1    74.3    74.4    74.1    81.9    85.7    85.0    90.9    69.3    74.3    84.2    88.6    78.4
 1919    91.2    83.7    86.5    80.8    53.7    66.5    82.6    67.9    66.3    80.7    89.0    88.4    73.7    72.3    78.7    82.4    78.1
 1920    86.2    72.5    70.6    84.3    66.9    65.3    73.9    79.5    80.5    65.8    78.4    90.9    73.9    72.9    74.9    86.7    76.2
 1921    88.5    80.7    65.7    62.1    57.1    71.3    62.1    65.0    65.5    68.0    82.5    88.1    61.6    66.2    72.0    82.5    71.4
 1922    84.7    74.8    83.5    82.0    55.1    71.8    80.2    74.2    83.3    77.9    86.3    93.3    73.5    75.4    82.5    90.4    78.9
 1923    91.0    86.8    77.0    68.5    82.5    88.3    71.3    73.2    77.0    84.2    89.9    88.9    76.0    77.6    83.7    86.3    81.5
 1924    84.0    86.0    78.6    82.6    73.0    75.8    74.2    81.4    83.3    83.4    83.7    90.4    78.1    77.1    83.5    88.0    81.4
 1925    88.1    85.4    85.6    72.5    67.3    72.1    72.6    80.5    83.4    78.1    89.0    86.0    75.1    75.1    83.5    87.7    80.1
 1926    89.0    88.0    82.3    67.9    79.7    80.9    78.7    74.8    75.0    84.3    86.3    89.5    76.6    78.2    81.9    87.7    81.4
 1927    92.2    81.4    78.6    84.6    65.8    78.2    80.2    78.4    83.5    79.8    91.8    89.6    76.4    78.9    85.0    85.8    82.0
 1928    88.1    79.8    70.3    74.9    71.5    74.4    59.4    73.5    62.2    78.7    88.4    91.4    72.2    69.1    76.4    82.3    76.1
 1929    87.2    68.2    69.4    77.1    57.7    76.0    71.3    64.5    59.1    84.5    82.0    86.2    68.1    70.6    75.2    83.7    73.6
 1930    84.5    80.2    72.0    78.8    74.0    61.6    81.2    69.2    85.4    79.8    86.2    90.7    74.9    70.7    83.8    88.6    78.6
 1931    90.3    84.9    66.9    73.8    63.1    67.1    78.2    76.5    77.3    72.3    84.1    85.8    67.9    73.9    77.9    82.5    76.7
 1932    83.7    78.0    68.6    81.7    74.9    63.4    71.4    62.7    79.5    81.8    85.4    85.8    75.0    65.8    82.2    83.1    76.4
 1933    83.4    80.2    58.8    69.6    68.7    67.3    67.9    61.8    66.8    79.2    88.2    86.1    65.7    65.6    78.1    85.5    73.2
 1934    88.4    81.9    80.1    58.9    60.2    58.5    63.1    66.0    62.9    83.4    85.8    90.7    66.4    62.5    77.4    87.1    73.3
 1935    90.2    80.4    69.3    82.1    59.2    66.6    66.7    60.4    74.5    78.5    84.5    90.8    70.2    64.6    79.2    86.5    75.3
 1936    87.5    81.3    73.6    81.1    69.4    61.2    78.3    68.9    74.1    79.5    88.4    87.1    74.7    69.5    80.7    85.6    77.5
 1937    85.7    84.1    85.1    86.4    62.2    67.7    76.0    67.0    71.5    75.9    82.8    91.1    77.9    70.2    76.7    84.0    77.9
 1938    86.1    74.7    64.3    74.5    62.0    66.2    70.7    66.1    69.1    80.6    84.9    86.9    66.9    67.7    78.2    85.0    73.8
 1939    90.3    77.9    80.6    73.0    66.3    56.1    72.7    66.3    73.0    83.6    83.5    88.1    73.3    65.0    80.0    80.0    75.9
 1940    76.7    75.0    77.3    73.2    60.8    60.8    76.1    73.1    75.1    76.7    82.5    87.5    70.4    70.0    78.1    85.6    74.6
 1941    87.6    81.7    77.1    79.0    67.1    60.0    61.9    81.1    68.2    79.9    86.3    87.0    74.4    67.7    78.1    83.5    76.4
 1942    81.7    81.8    72.2    62.6    63.7    64.5    77.6    62.5    71.1    81.8    86.9    86.7    66.2    68.2    79.9    83.5    74.4
 1943    85.1    78.7    60.4    68.9    51.7    72.2    61.9    70.2    70.0    71.2    81.6    89.2    60.3    68.1    74.3    87.7    71.8
 1944    88.9    84.9    80.7    67.6    56.9    77.8    75.6    56.2    73.8    83.9    85.4    86.3    68.4    69.9    81.0    83.5    76.5
 1945    82.7    81.5    72.7    62.1    59.4    64.0    64.8    76.4    75.2    76.4    89.1    85.9    64.7    68.4    80.2    85.3    74.2
 1946    83.9    86.1    81.4    55.7    61.6    78.3    68.4    71.0    75.4    79.0    86.9    87.7    66.3    72.6    80.5    83.5    76.3
 1947    82.5    80.4    75.9    65.9    52.6    61.0    63.8    50.6    63.1    62.7    85.1    87.6    64.8    58.5    70.3    84.7    69.3
 1948    86.7    79.9    59.9    62.6    58.7    67.5    74.7    74.5    75.2    76.0    77.5    84.3    60.4    72.2    76.2    79.7    73.1
 1949    83.9    70.7    66.7    60.1    65.7    65.9    59.6    60.4    67.7    71.7    82.1    86.8    64.2    62.0    73.8    82.8    70.1
 1950    82.7    78.8    71.4    75.6    65.5    58.5    70.7    61.9    85.8    78.6    85.7    90.5    70.8    63.7    83.4    87.8    75.5
 1951    91.1    81.9    77.2    63.7    66.6    66.2    64.8    69.0    71.5    62.1    82.8    84.8    69.2    66.7    72.1    85.9    73.5
 1952    89.1    83.7    75.4    49.8    58.3    63.5    66.1    69.3    76.4    79.5    86.5    89.3    61.2    66.3    80.8    87.0    73.9
 1953    91.5    80.2    60.8    60.2    57.2    73.5    75.7    64.5    66.6    77.0    82.3    87.1    59.4    71.2    75.3    82.2    73.0
 1954    81.9    77.5    76.6    62.7    55.1    72.7    83.0    77.1    79.0    82.8    77.8    86.2    64.8    77.6    79.9    82.9    76.0
 1955    84.9    77.8    73.6    65.7    68.5    67.7    71.2    63.1    69.7    75.5    77.3    83.9    69.3    67.4    74.1    79.3    73.2
 1956    83.6    70.5    72.1    75.3    54.3    81.7    76.7    75.7    70.9    81.8    81.8    91.5    67.3    78.0    78.2    86.6    76.3
 1957    84.8    83.5    71.2    60.0    64.2    52.9    71.9    74.9    80.8    75.9    90.6    85.6    65.2    66.6    82.4    81.7    74.7
 1958    84.1    75.5    77.5    71.6    69.7    71.4    73.1    73.4    71.3    85.6    89.6    86.9    72.9    72.6    82.2    82.1    77.5
 1959    83.0    76.5    68.9    65.8    55.7    55.9    54.5    60.7    51.9    60.4    79.1    89.6    63.5    57.1    63.8    84.4    66.8
 1960    84.4    79.3    76.1    68.5    60.0    65.2    76.2    76.0    73.8    85.4    84.9    93.7    68.2    72.5    81.4    85.4    77.0
 1961    87.3    75.3    67.4    74.1    74.6    63.5    74.1    69.9    72.2    76.6    83.2    81.6    72.0    69.1    77.3    82.4    75.0
 1962    84.8    80.6    80.0    75.4    79.7    65.8    78.0    72.3    71.3    74.4    87.3    81.6    78.4    72.0    77.7    80.6    77.6
 1963    82.8    77.4    75.5    71.2    70.2    70.9    67.1    73.0    75.8    75.8    82.3    85.8    72.3    70.3    78.0    84.1    75.7
 1964    87.0    79.4    87.3    75.4    58.3    61.3    63.6    64.9    65.3    76.8    85.6    86.3    73.7    63.2    75.9    87.0    74.3
 1965    89.3    85.4    74.2    74.2    73.1    71.9    81.2    67.1    72.6    67.5    81.5    87.7    73.8    73.4    73.9    85.7    77.2
 1966    88.4    81.0    80.8    79.3    63.2    69.3    76.8    68.9    71.9    82.7    86.6    85.4    74.5    71.7    80.4    84.3    77.9
 1967    88.3    79.1    79.2    70.5    64.2    71.4    63.1    68.3    76.5    80.2    80.0    87.3    71.3    67.6    78.9    86.0    75.7
 1968    84.0    86.7    75.6    56.5    73.0    69.7    71.5    75.8    80.6    82.2    89.3    88.5    68.4    72.3    84.0    87.0    77.8
 1969    89.2    83.3    83.7    66.1    71.3    71.0    69.6    70.6    70.9    70.6    80.6    89.8    73.7    70.4    74.0    85.8    76.4
 1970    88.2    79.3    82.9    86.3    68.0    59.7    74.3    65.7    71.1    81.3    81.9    87.6    79.0    66.6    78.1    84.8    77.2
 1971    84.3    82.5    74.0    61.4    66.0    76.5    53.7    66.0    61.6    65.8    80.1    83.8    67.1    65.4    69.2    80.2    71.3
 1972    80.3    76.4    64.8    75.5    77.3    72.9    68.6    68.4    63.8    65.5    81.4    83.1    72.5    69.9    70.2    82.2    73.2
 1973    84.7    78.9    64.6    74.0    74.0    62.1    70.9    60.8    65.3    68.7    78.8    78.4    70.9    64.6    70.9    79.2    71.8
 1974    84.4    74.7    77.6    52.6    68.6    69.6    78.0    61.0    75.2    81.8    85.0    85.6    66.3    69.5    80.7    79.1    74.5
 1975    81.9    69.8    79.7    75.5    73.8    64.8    63.6    46.8    71.3    80.9    79.1    88.4    76.3    58.4    77.1    82.0    73.0
 1976    81.7    76.0    65.9    54.2    65.8    53.2    55.7    50.5    74.4    78.3    84.8    79.0    62.0    53.1    79.2    81.1    68.3
 1977    85.0    79.3    73.9    75.7    65.6    81.9    75.1    75.2    68.5    71.1    81.4    82.7    71.7    77.4    73.7    82.2    76.3
 1978    86.0    78.0    82.5    66.4    73.4    73.0    73.4    70.6    78.2    73.8    80.2    79.9    74.1    72.3    77.4    81.8    76.3
 1979    81.4    84.1    80.0    74.7    72.5    72.8    76.6    73.2    63.3    72.1    80.8    83.7    75.7    74.2    72.1    79.6    76.3
 1980    77.9    77.2    78.9    64.3    60.0    76.3    76.8    73.1    62.4    74.1    78.2    80.0    67.7    75.4    71.6    78.3    73.3
 1981    80.0    74.9    87.0    64.7    73.5    82.2    75.8    68.2    64.8    77.4    79.2    84.5    75.1    75.4    73.8    78.5    76.0
 1982    78.2    72.6    67.8    61.0    64.0    68.6    58.0    68.3    59.1    75.9    78.6    79.4    64.3    65.0    71.2    77.8    69.3
 1983    83.8    70.3    78.6    76.8    86.9    65.4    53.0    50.0    72.4    70.2    75.4    78.0    80.8    56.1    72.7    78.0    71.7
 1984    81.5    74.5    64.2    56.2    84.3    76.5    72.9    58.8    81.9    75.4    79.7    83.1    68.2    69.4    79.0    77.6    74.1
 1985    78.5    71.3    82.0    75.2    73.2    77.4    65.4    68.7    68.1    69.8    81.5    83.2    76.8    70.5    73.1    77.2    74.5
 1986    81.1    67.4    73.2    77.5    68.3    59.6    71.5    70.5    70.0    71.0    79.8    80.7    73.0    67.2    73.6    82.0    72.5
 1987    83.5    81.7    68.7    68.0    80.0    84.8    71.7    77.6    74.8    73.7    89.0    86.2    72.3    78.0    79.2    84.9    78.3
 1988    87.2    81.4    85.4    60.7    66.7    81.5    77.4    65.8    78.5    78.2    80.3    88.1    70.9    74.9    79.0    83.3    77.6
 1989    84.0    77.7    75.8    79.8    47.1    62.0    65.3    65.9    68.4    74.0    77.2    83.4    67.6    64.4    73.2    82.8    71.7
 1990    87.3    77.7    68.6    59.8    51.0    82.7    57.0    57.7    82.5    73.8    83.7    87.4    59.8    65.8    80.0    79.8    72.4
 1991    78.3    73.6    78.1    62.2    80.0    84.3    61.4    56.6    66.7    74.1    83.1    81.8    73.4    67.4    74.6    81.4    73.3
 1992    80.0    82.6    79.8    75.7    50.4    64.8    66.4    70.3    74.6    74.4    84.7    84.2    68.7    67.2    77.9    83.7    74.0
 1993    81.8    85.2    64.9    67.8    67.4    67.4    76.7    69.3    82.0    79.6    82.9    92.9    66.7    71.1    81.5    85.4    76.5
 1994    85.5    77.9    79.7    72.4    79.5    67.7    49.3    66.9    82.2    71.6    87.2    84.2    77.2    61.3    80.4    83.7    75.3
 1995    84.4    82.6    67.8    74.8    69.0    75.4    53.4    48.5    81.2    71.8    81.3    84.1    70.5    59.1    78.1    83.2    72.9
 1996    82.4    83.1    76.0    57.9    86.4    70.2    71.2    67.6    72.1    74.8    87.6    82.3    73.5    69.6    78.1    82.4    76.0
 1997    81.9    82.9    76.9    64.2    68.9    71.2    69.4    53.8    60.4    72.4    86.7    90.0    70.0    64.8    73.2    82.5    73.2
 1998    83.7    73.7    81.8    83.5    69.2    79.0    80.5    66.6    84.4    88.4    83.2    84.9    78.2    75.4    85.3    82.6    79.9
 1999    84.8    78.2    80.9    68.1    66.9    66.5    59.0    73.8    65.8    75.6    83.9    86.5    71.9    66.4    75.1    82.6    74.2
 2000    84.6    76.7    84.1    72.4    68.2    65.8    85.5    60.1    81.5    82.4    88.3    82.6    74.9    70.5    84.1    82.0    77.7
 2001    83.9    79.4    87.8    78.5    55.0    72.6    63.9    64.0    86.8    77.9    83.3    80.6    73.8    66.8    82.7    79.4    76.1
 2002    83.2    74.4    70.7    64.6    77.2    72.7    76.8    73.0    69.1    79.6    87.1    86.9    70.8    74.2    78.6    80.0    76.3
 2003    85.9    67.2    60.6    53.2    72.4    58.8    63.6    52.4    52.7    72.3    83.3    80.4    62.1    58.3    69.4    84.3    66.9
 2004    91.1    81.4    74.7    67.1    72.8    75.4    71.9    69.2    61.9    76.3    85.2    83.4    71.6    72.2    74.5    82.3    75.9
 2005    83.6    79.9    79.7    66.6    71.0    61.4    77.0    70.4    58.8    67.8    83.0    83.7    72.4    69.6    69.9    83.9    73.6
 2006    80.4    87.5    75.5    74.5    75.1    58.6    41.8    81.3    61.8    79.5    82.3    85.7    75.1    60.6    74.5    87.0    73.7
 2007    89.3    86.1    64.1    50.9    75.2    79.7    74.9    67.1    78.8    74.7    86.2    82.5    63.4    73.9    79.9    79.8    75.8
 2008    89.5    67.4    80.5    71.6    54.8    63.6    68.9    76.2    75.1    76.0    89.5    79.4    69.0    69.6    80.2    82.3    74.4
 2009    80.3    87.4    75.6    57.5    65.3    65.7    64.4    55.5    70.1    79.0    88.3    84.1    66.1    61.9    79.1    86.6    72.8
 2010    87.4    88.4    74.2    49.9    79.6    57.2    55.8    77.5    76.6    75.9    91.0    89.5    67.9    63.5    81.1    86.5    75.2
 2011    85.3    84.8    67.4    47.3    56.5    67.6    78.8    77.1    68.1    66.3    82.3    87.5    57.1    74.5    72.2    81.8    72.4
 2012    84.4    73.4    66.5    76.8    68.8    80.1    71.6    59.4    67.8    77.9    87.0    88.0    70.7    70.3    77.6    87.3    75.1
 2013    89.3    84.5    77.7    67.0    82.3    74.9    53.7    59.0    77.3    79.4    85.6    82.5    75.7    62.5    80.8    82.8    76.1
 2014    87.0    78.9    58.7    67.4    75.4    66.6    65.5    70.2    70.1    80.5    82.8    88.8    67.2    67.4    77.8    84.3    74.3
 2015    87.0    77.1    71.4    52.8    74.0    66.0    66.8    62.3    73.0    78.2    87.1    83.7    66.0    65.0    79.4    83.2    73.3
 2016    86.9    78.8    76.5    69.1    69.1    79.3    71.0    60.3    57.6    78.5    82.9    82.7    71.6    70.2    73.0    82.9    74.4
 2017    80.8    85.4    66.5    64.4    69.0    65.0    73.1    70.6    78.8    80.8    86.1    92.3    66.6    69.6    81.9    86.8    76.1
 2018    90.9    77.3    78.8    65.7    51.6    69.7    46.5    61.2    60.4    63.5    79.9    87.2    65.4    59.1    67.9    80.5    69.4
 2019    86.8    67.5    77.1    56.0    72.5    59.2    63.4    58.2    70.5    80.4    84.8    80.5    68.5    60.3    78.6    83.6    71.4
 2020    86.7    83.7    60.5    48.8    51.7    66.3    68.2    61.3    58.8    86.4    79.2    88.5    53.7    65.3    74.8    83.3    70.0
 2021    88.8    72.6    72.2    57.8    79.4    64.4    72.0    76.8    67.9    76.7    86.1    87.7    69.8    71.1    76.9    83.1    75.2
 2022    85.9    75.7    65.6    56.7    61.7    58.6    55.7    44.5    69.0    68.0    82.1    82.9    61.3    53.0    73.0    82.2    67.2
 2023    88.9    74.9    82.0    66.9    59.6    55.2    71.4    69.1    53.1    81.3    89.7    93.3    69.5    65.2    74.7  -999.0    73.8
