 YEAR     JAN     FEB     MAR     APR     MAY     JUN     JUL     AUG     SEP     OCT     NOV     DEC     MAM     JJA     SON     DJF     ANN
 1901    40.1    29.3    52.8    66.9    29.3    61.4    58.1    66.0    66.6    80.5    62.3    82.7   149.0   185.5   209.5   161.8   696.0
 1902    52.1    27.0    41.8    46.9    71.3    41.7    55.9   111.8    49.2    50.6    28.3    65.7   160.0   209.3   128.1   149.5   642.2
 1903    49.1    34.7    54.6   101.2    49.3    70.9   100.3    91.4    87.4   113.5    72.7    26.6   205.1   262.6   273.6   143.8   851.7
 1904    51.1    66.1    44.2    28.4    51.3    58.7    40.2    48.1    36.3    47.0    67.0    68.4   123.9   147.0   150.3   141.1   606.8
 1905    39.1    33.5    68.9    50.4    34.7    67.4    52.8    95.5    64.8   126.2    59.9    31.9   154.0   215.8   250.9   196.9   725.3
 1906   108.2    56.8    55.6    25.4    78.8    40.7    59.8    67.0    35.4    68.4    74.8    75.4   159.8   167.4   178.6   154.5   746.3
 1907    44.9    34.2    42.2    40.4    62.2    80.3    42.0    49.0    25.6    72.2    43.1    69.6   144.8   171.2   140.8   173.7   605.7
 1908    45.3    58.7    49.5    38.4    54.4    51.6    81.1    87.2    53.8     7.3    56.3    35.5   142.4   219.8   117.4   100.7   619.1
 1909    33.5    31.7    60.9    57.3    30.4    61.3   103.7    83.0    65.7    76.8    54.6   105.9   148.6   248.0   197.1   254.0   764.8
 1910    75.8    72.3    28.6    44.2    52.5    69.0   115.5    41.9    78.6    31.8   112.4    71.3   125.3   226.4   222.9   152.9   794.0
 1911    34.4    47.2    56.8    28.6    28.1    66.2    20.2    16.0    61.2    93.6    76.5    75.1   113.5   102.4   231.3   174.3   603.9
 1912    56.8    42.4    72.7    23.5    38.3    80.5    48.4   142.0    95.0    69.9    83.8    70.5   134.5   270.8   248.7   160.7   823.8
 1913    65.6    24.6    66.7    35.4    61.1    80.9    86.8    35.7    52.9    53.4    73.8    71.7   163.1   203.4   180.1   158.2   708.5
 1914    54.1    32.4   120.8    38.2    43.7    80.5    85.6    43.7    97.7    41.5    66.2   100.8   202.8   209.8   205.4   272.3   805.3
 1915   112.3    59.2    58.1    37.0    57.4    44.7    98.0    97.2    58.3    26.0    92.7   135.1   152.5   240.0   177.1   270.3   876.0
 1916    67.4    67.8    54.7    57.7    53.3    95.0    41.3    90.8    59.5    83.0    51.3    88.5   165.7   227.1   193.7   142.1   810.3
 1917    43.9     9.7    48.1    46.8    27.7    66.5    86.0   129.9    36.5   137.6    55.8    49.0   122.7   282.4   229.9   167.0   737.5
 1918    76.5    41.5    27.6    44.0    30.7    41.0    85.9    81.0   144.3    68.9    39.6   101.3   102.3   207.9   252.8   198.1   782.3
 1919    50.7    46.1    63.4    60.3    21.9    48.4   101.4    44.1    60.8    61.3    72.3   121.6   145.5   193.9   194.4   245.4   752.2
 1920    92.5    31.2    20.9    77.9    59.3    38.7   104.5    83.9    48.8    16.9    17.4    52.0   158.1   227.1    83.1   149.1   644.0
 1921    87.3     9.8    26.4    26.2    20.1    36.9    10.4    44.0    33.8    26.8    47.2    57.8    72.7    91.4   107.8   187.9   426.7
 1922    73.6    56.5    51.0    67.0    17.0    60.1    81.8    78.7    84.7    33.9    68.3    66.7   135.0   220.6   186.8   179.2   739.2
 1923    54.8    57.8    31.1    33.4    97.3    52.1    57.5    73.8    80.5   131.2    68.0    74.3   161.9   183.4   279.7   146.6   811.8
 1924    41.6    30.7    35.8    58.9    60.3    33.7    96.0   145.1    79.8    92.3    28.0    45.7   155.0   274.8   200.1   179.0   747.8
 1925    70.9    62.4    50.6    46.6    73.9    44.6    78.0    77.8   118.5    78.2    85.1   129.6   171.1   200.4   281.8   246.8   916.3
 1926    62.5    54.7    29.2    34.3    72.2    55.0    87.4    68.2    60.1   120.7    57.5    47.9   135.7   210.7   238.3   149.4   749.8
 1927    53.8    47.7    52.6    67.9    34.9   119.3    66.8   111.4    90.6    41.5    59.3    53.1   155.5   297.5   191.4   194.6   798.9
 1928    87.6    53.9    24.5    51.6    54.3    56.8    47.8    86.9    32.8    91.1   120.2    59.0   130.4   191.5   244.2    96.0   766.6
 1929    25.1    11.9    11.2    50.1    21.2    50.0    54.6    49.3    40.9   120.3    74.1   103.1    82.5   153.9   235.2   160.3   611.7
 1930    40.4    16.9    32.1    34.4    66.4    41.4   171.9   109.4   116.1   100.6   124.0    48.9   132.8   322.6   340.7   216.2   902.2
 1931    94.5    72.9    15.8    73.2    60.8    48.9   124.9   113.9    59.9    45.9    32.8    44.7   149.9   287.7   138.6   102.1   788.3
 1932    48.1     9.3    32.8    77.6    71.2    30.0    93.4    45.7   107.5   176.8    39.4    17.4   181.7   169.1   323.7    79.3   749.2
 1933    22.6    39.4    43.4    15.3    65.1    67.7    63.6    52.3    46.9    86.2    42.1     9.1   123.8   183.6   175.2    75.1   553.6
 1934    56.3     9.7    53.2    47.3    40.6    55.7    35.0    61.3    45.2   101.8    42.2    92.5   141.1   152.0   189.1   222.8   640.8
 1935    60.6    69.7    24.2    76.1    52.2    98.7    25.4    64.3   111.4    90.4    55.2    74.8   152.5   188.4   257.0   212.9   803.0
 1936    87.6    50.5    15.1    52.5    23.4    54.1   129.8    41.0    85.8    81.0    80.8    51.8    90.9   224.9   247.6   241.0   753.3
 1937    96.5    92.6    71.4    72.5    61.0    58.1    57.1    66.5    91.9    29.1    49.0    64.9   205.0   181.7   170.1   209.2   810.7
 1938   108.3    36.0    22.9    24.5    48.0    34.3    72.5    81.0    49.3   103.2    72.8    65.0    95.4   187.9   225.4   203.6   718.0
 1939   106.5    32.1    67.0    59.2    26.8    39.8    80.3    66.7    68.4   132.3   140.6    46.5   153.0   186.8   341.3   111.9   866.3
 1940    32.0    33.5    82.5    68.7    25.3    55.0   101.1    67.5    85.5    39.5   131.4   102.0   176.5   223.6   256.4   186.8   823.9
 1941    37.2    47.7    72.8    26.0    41.6    40.7    59.2   130.9    24.1   130.9    30.9    76.6   140.4   230.8   186.0   151.7   718.5
 1942    53.0    22.1    36.6    19.1    60.0    39.9   172.6    63.0    65.3   105.0    60.5    68.4   115.8   275.5   230.8   194.8   765.5
 1943    85.7    40.8    19.4    45.5    43.6    76.2    41.8    89.4    55.9    25.0   104.3    36.6   108.5   207.5   185.3   141.9   664.3
 1944    68.0    37.3    32.1    33.5    42.9    72.8    73.8    32.8   101.2    95.6   163.0    77.1   108.5   179.4   359.8   200.1   830.1
 1945    57.4    65.6    26.4    50.3    81.5    47.7    60.7   106.6    82.1    49.5    43.1    72.0   158.2   215.0   174.7   242.0   742.8
 1946    54.7   115.3    37.7    24.6    49.6    77.3    55.7    90.4    91.6    60.2    58.6    47.8   111.8   223.4   210.4    97.9   763.4
 1947    25.9    24.2    87.0    61.4    37.3    43.8    71.1    40.6    52.1    18.4   107.9    89.0   185.7   155.5   178.3   260.8   658.7
 1948   130.2    41.6    29.1    54.5    41.7    73.3    96.3    93.2    56.6    43.0    32.0    52.8   125.4   262.7   131.5   119.3   744.3
 1949    38.5    28.0    36.5    52.3    60.6    25.0    33.0    54.0    61.2    72.1    81.6    79.9   149.3   111.9   214.9   206.5   622.6
 1950    41.0    85.6    24.9    72.5    57.0    54.1    95.3    91.5   117.9    36.0   116.9    78.4   154.5   240.9   270.8   214.7   871.2
 1951    82.4    53.9    82.1    64.6    54.5    56.2    58.8   107.1    67.2    17.5   105.9    63.2   201.2   222.1   190.6   208.9   813.4
 1952    99.2    46.6    63.0    21.7    27.8    48.2    77.4    94.9    97.5    75.1   111.1    89.4   112.5   220.5   283.7   170.7   851.8
 1953    22.6    58.7    14.4    47.5    41.0    81.4    85.6    84.9    55.2    14.0    23.8    40.9   102.9   251.9    93.1   137.8   570.1
 1954    59.5    37.4    44.0    19.5    34.8    68.1   118.4   116.5    87.3    83.9    60.7    72.4    98.3   303.0   232.0   182.3   802.4
 1955    63.0    46.9    36.8    23.3    76.5    56.0    29.6    50.1    70.8    90.2    26.7    78.4   136.6   135.7   187.7   208.3   648.4
 1956   100.8    29.0    35.9    34.2    42.7    62.1    98.0   129.5    60.1   105.4    47.7    52.5   112.8   289.6   213.2   185.8   797.9
 1957    46.2    87.1    56.0    13.6    47.7    37.5   114.8   120.0   144.0    59.0    44.8    48.5   117.3   272.3   247.8   220.9   819.3
 1958    82.0    90.4    28.4    45.9    68.8    49.6    84.0    97.8    77.8    78.2    29.8    77.7   143.1   231.4   185.9   178.2   810.5
 1959    94.1     6.4    49.3    53.9    19.3    41.5    50.1    41.2     4.7    67.8    43.9    67.2   122.5   132.7   116.4   180.5   539.3
 1960    73.0    40.3    24.4    29.1    40.8    48.4   109.7   122.5    72.9   118.9   117.7    93.8    94.3   280.7   309.5   253.0   891.5
 1961    95.4    63.9    34.3    54.5    40.8    60.7    98.6    87.2    73.7   105.6    74.6   104.4   129.6   246.5   253.8   236.7   893.4
 1962    80.6    51.7    44.9    65.0    61.2    20.9    85.2    79.8    72.8    52.6    41.0    85.6   171.1   185.8   166.3   121.3   741.1
 1963    20.8    14.9    56.1    44.9    63.0    75.8    51.8   124.5    68.9    59.4    94.9    17.2   164.0   252.2   223.2    65.1   692.3
 1964    21.2    26.6    41.5    50.0    39.4    76.0    51.5    74.2    65.4    97.3    56.8    83.5   130.8   201.7   219.5   194.5   683.3
 1965    88.7    22.3    48.0    78.7    78.8    73.9   140.9    75.6    76.6    23.4    80.8   164.4   205.6   290.4   180.8   289.6   952.2
 1966    48.6    76.7    60.2    72.7    39.5   104.6   114.8    77.6    47.5    79.9   108.6   157.2   172.4   297.0   236.1   269.4   987.9
 1967    51.9    60.3    54.3    49.3    72.1    32.9    40.2    72.4    77.0   116.4    87.1   101.2   175.7   145.5   280.4   208.4   815.0
 1968    73.3    33.9    42.2    28.5    72.9    79.9    97.6    96.5   134.8    81.8    47.6    40.4   143.6   274.1   264.2   145.4   829.5
 1969    47.0    58.1    54.0    61.2    79.0    55.1    53.7   135.7    14.8    24.7   102.7    41.9   194.2   244.5   142.2   178.7   727.9
 1970    44.4    92.4    60.4    82.9    27.4    30.7   113.7    46.3    84.1    91.4    91.8    47.5   170.7   190.6   267.3   144.5   812.9
 1971    61.3    35.7    37.4    21.0    51.7    90.2    36.4    64.4    29.2    38.4    84.7    29.0   110.2   190.9   152.3    89.3   579.4
 1972    31.6    28.7    42.6    56.6    83.3    68.1    88.4    71.2    49.0    25.9    91.3    23.7   182.5   227.8   166.2   119.9   660.5
 1973    28.6    67.6    20.1    63.6    65.7    30.4    88.4    38.8    78.0    84.9    80.3    71.7   149.4   157.7   243.1   178.3   718.1
 1974    64.3    42.3    48.7    11.4    36.3    61.7    81.9    62.3   127.7   143.3   107.5   108.0    96.4   205.8   378.5   220.9   895.2
 1975    93.1    19.8    72.0    57.7    35.5    51.5    58.9    38.5    85.5    24.2    97.3    43.1   165.1   149.0   207.0   164.7   677.0
 1976    94.9    26.8    25.3     8.2    35.7    27.4    44.2    23.9    70.9    49.6    73.0    69.7    69.2    95.4   193.4   219.6   549.4
 1977    73.4    76.5    44.8    64.6    46.3    50.5    50.7    78.5    24.0    48.8   136.2    51.7   155.7   179.7   209.0   148.6   746.0
 1978    68.5    28.5    79.6    28.3    33.4    72.4    69.0    52.5    87.7    27.8    39.8    98.4   141.3   194.0   155.3   201.8   685.9
 1979    56.6    46.8    96.2    63.4    90.3    72.8    48.2    68.9    34.0    46.0    98.6   135.5   249.9   189.9   178.6   240.0   857.2
 1980    52.7    51.8    64.4    37.2    19.6    94.1   144.3    80.3    38.5    89.7    81.8    89.6   121.2   318.7   209.9   222.6   843.9
 1981    97.0    36.0   125.5    24.1    71.7    68.9    66.8    42.7    61.3   146.4    82.3    74.4   221.2   178.5   289.9   154.2   897.0
 1982    61.3    18.5    59.1    30.9    47.4    97.6    28.4    77.6    41.2   113.7    68.2    79.5   137.5   203.6   223.1   211.8   723.5
 1983    92.3    40.0    76.2    79.4   115.6    50.3    19.5    21.9   106.3    65.6    69.1    59.8   271.1    91.8   241.0   242.0   796.0
 1984   124.1    58.2    50.9    17.5    86.3    62.4    60.7    21.9   138.2    99.5    68.1    46.1   154.7   144.9   305.8   121.9   833.9
 1985    68.2     7.6    56.5    58.5    46.0   123.0    82.5    92.2    45.2    30.0    82.6    78.8   161.0   297.8   157.7   182.7   771.1
 1986    99.5     4.3    74.3    45.7    48.0    66.1    50.1    73.6    48.1    98.2    70.3   109.7   167.9   189.7   216.7   188.3   787.9
 1987    42.5    36.0    74.6    28.8    73.2    90.7   121.0    75.3    75.1    89.1    90.8    47.0   176.6   287.0   255.0   255.4   844.1
 1988   125.5    83.0   109.3    14.2    45.5    27.4   135.2    68.8    87.5    71.5    54.5    71.4   169.0   231.4   213.5   150.7   893.7
 1989    24.8    54.5    82.0    71.1    13.1    70.5    53.0    51.9    47.9    81.5    31.4    85.1   166.2   175.4   160.8   230.0   666.9
 1990    53.6    91.3    36.6    47.0    27.7    75.5    42.4    59.8    97.2    59.0    90.6    67.8   111.3   177.6   246.8   146.8   748.4
 1991    52.1    26.9    24.8    36.5    36.6   115.2    54.4    23.3    64.2    51.0   104.3    54.0    97.9   192.9   219.5   125.6   643.3
 1992    39.9    31.7    87.7    54.1    46.8    51.2    67.9   109.1    52.2    92.9   121.6    52.4   188.6   228.2   266.7   163.6   807.5
 1993    83.8    27.3    13.4    42.8    65.5    39.6   128.1    64.0   128.5    97.7    51.4   145.0   121.7   231.6   277.7   262.0   887.2
 1994    89.7    27.2    95.8    58.3    65.1    52.7    48.5    70.5   124.9   103.7    51.3   105.4   219.2   171.7   279.8   326.9   892.9
 1995   129.7    91.8    84.4    31.3    51.5    66.8    59.2    53.1   112.4    30.0    42.1    39.4   167.2   179.1   184.4    97.3   791.7
 1996     6.9    51.0    15.8     7.4    49.2    26.2    51.0   103.3    49.6    69.9   118.3    39.7    72.3   180.5   237.9   120.2   588.3
 1997     4.7    75.8    30.0    29.5    78.6    98.6    55.5    50.4    28.4    78.5    45.5    85.1   138.1   204.5   152.3   188.0   660.5
 1998    84.8    18.1    85.8    88.9    35.5   127.2    76.3    69.3   112.5   161.5    87.2    86.0   210.2   272.9   361.2   235.3  1033.2
 1999    87.5    61.8    79.1    50.5    38.1    92.9    41.8   102.3    76.6    65.9    59.2   152.9   167.7   237.0   201.6   286.5   908.4
 2000    49.2    84.4    67.3    45.4    80.7    40.6    96.3    46.1    77.5   107.1   100.6    71.7   193.5   182.9   285.2   211.8   866.9
 2001    66.5    73.6    70.2    77.2    34.7    56.0    76.8    91.6   156.1    54.4    89.0    76.3   182.1   224.4   299.4   264.3   922.3
 2002    67.8   120.3    41.6    48.8    46.2    66.7    96.8   118.2    40.4    92.4    90.4    81.5   136.5   281.7   223.1   176.6   910.9
 2003    77.9    17.2    26.3    40.1    80.6    40.3    51.1    26.5    53.0    79.7    52.7    82.4   147.1   117.9   185.4   266.0   627.8
 2004   113.5    70.1    33.3    36.0    32.5    78.9   103.8   125.1    75.8    61.4    73.8    49.7   101.7   307.9   211.0   169.7   853.9
 2005    57.9    62.1    47.0    55.2    53.6    51.9   126.0   101.4    59.7    59.1    76.7    61.7   155.7   279.2   195.4   132.8   812.2
 2006    19.1    51.9    64.7    39.6    83.0    40.0    23.7   167.1    20.0    80.2    75.1    79.2   187.4   230.9   175.3   268.7   743.8
 2007   112.0    77.6    62.3     0.5    83.0    97.2   136.7    58.8    76.3    39.2    75.4    74.0   145.8   292.8   190.8   198.8   893.0
 2008    85.8    39.1   101.6    36.5    28.9    48.3   105.3   101.9    65.0   103.0    75.0    45.2   167.0   255.6   242.9   145.6   835.6
 2009    49.0    51.4    59.6    23.7    60.3    57.0    92.8    33.8    32.3    76.4   120.1    87.5   143.7   183.7   228.8   195.8   744.0
 2010    45.8    62.5    46.8    20.7    59.6    32.9    64.7   154.2    87.6    64.7   101.9    53.7   127.1   251.8   254.2   170.9   795.2
 2011    70.7    46.5    14.8    11.8    27.9    82.5   117.3   112.2    69.7    63.4     7.7   146.2    54.6   312.1   140.8   255.3   770.8
 2012    87.5    21.7    18.6    52.7    55.7    86.9   110.8    65.1    56.0   108.7    49.4   123.4   127.1   262.9   214.1   215.0   836.6
 2013    54.3    37.3    32.7    21.8    84.7    62.8    43.6    40.0    94.0    93.6    91.0    66.5   139.1   146.4   278.6   181.6   722.2
 2014    63.7    51.4    22.6    40.4    81.6    52.0    89.7   110.5    24.2    69.5    42.9    94.3   144.6   252.2   136.6   245.8   742.8
 2015   105.7    45.8    52.1    23.4    49.1    35.6    90.1   115.2    94.1    38.6   119.2    51.6   124.5   240.8   251.9   226.7   820.4
 2016    99.1    76.0    52.7    57.3    50.1   113.9    59.8    61.4    32.2    56.7    76.7    29.0   160.1   235.1   165.6   146.8   764.8
 2017    57.9    59.9    51.9    26.4    33.0    60.4   107.3    77.7   116.9    72.9    89.7   114.7   111.3   245.4   279.4   232.8   868.6
 2018    96.1    22.0    56.5    67.0    40.4    37.4    30.0    65.9    46.8    41.4    29.3    99.0   163.8   133.4   117.4   205.2   631.8
 2019    63.5    42.7    93.4    25.4    41.8    85.1    48.2    57.0    95.0   103.6    85.3    65.3   160.6   190.3   283.9   245.3   806.2
 2020    60.1   119.9    49.4    15.0    16.8    84.9    66.5    71.2    71.7   102.5    37.3    84.7    81.2   222.6   211.4   228.1   780.0
 2021    94.4    49.0    46.7    32.8    90.4    92.8    94.4    83.3    31.4    94.3    66.8    76.4   169.8   270.6   192.4   221.3   852.7
 2022    55.4    89.4    15.5    43.1    46.3    78.9    25.6    24.2   114.5    43.2    85.2    74.2   104.9   128.7   242.9   198.9   695.7
 2023   101.9    22.7    96.4    63.8    37.4    25.5   118.9   108.8    59.7   140.8   144.4   112.1   197.6   253.2   344.8  -999.0  1032.4
