 YEAR     JAN     FEB     MAR     APR     MAY     JUN     JUL     AUG     SEP     OCT     NOV     DEC     MAM     JJA     SON     DJF     ANN
 1901    -3.7    -4.3     0.8     4.2     7.1    10.1    13.2    12.1    10.0     7.2     1.9     1.4     4.0    11.8     6.4     0.7     5.0
 1902     3.1    -2.5     1.8     3.5     4.7    10.1    10.8    10.6     8.6     5.0     0.9    -1.6     3.3    10.5     4.9     0.7     4.6
 1903     0.7     3.0     3.6     1.8     7.9     9.5    11.7    11.6    10.0     8.0     3.7    -0.2     4.4    10.9     7.2    -0.1     6.0
 1904    -1.0     0.8     0.9     4.9     7.5     9.5    12.7    11.5     8.3     6.0     2.9     2.9     4.4    11.2     5.7     0.9     5.6
 1905    -1.5     1.2     2.8     2.5     6.9    11.6    13.3    11.9     9.6     3.3     2.2     1.5     4.1    12.3     5.0     1.2     5.4
 1906     1.5     0.6     1.1     3.1     8.6    10.0    12.4    12.6     9.4     8.2     5.9    -1.5     4.3    11.7     7.8    -1.1     6.0
 1907    -0.0    -1.6     1.2     3.0     7.7    10.0    10.3    11.6     9.3     8.7     3.0     2.1     4.0    10.6     7.0     0.2     5.4
 1908    -2.9     1.6     0.9     2.1     8.8    11.3    12.6    11.1     9.4     5.5     0.9     0.2     3.9    11.7     5.3    -1.3     5.1
 1909    -1.6    -2.6     0.2     3.6     5.6     9.0    11.1    12.0     9.6     8.1     1.7     1.8     3.1    10.7     6.5     1.9     4.9
 1910     1.6     2.1     1.6     3.6     7.7    11.7    11.7    12.2     9.6     7.0     1.5     3.6     4.3    11.9     6.1     1.5     6.2
 1911    -0.3     1.1     2.0     3.1     8.6    10.1    13.4    14.4    10.4     6.2     3.9     3.7     4.6    12.6     6.8     1.4     6.4
 1912    -1.0     1.5     4.7     3.4     7.0    10.7    13.6    10.7     7.0     4.3     3.2     4.0     5.0    11.6     4.9     1.8     5.8
 1913     0.5     0.8     3.9     4.0     7.8    10.2    10.8    10.9     9.5     7.3     6.4     2.8     5.2    10.6     7.7     1.1     6.2
 1914    -2.5     2.9     3.3     5.3     6.8     9.6    13.4    13.1     9.4     6.9     3.2     3.8     5.1    12.0     6.5     1.9     6.3
 1915     1.2     0.8     1.1     2.9     7.2    10.8    11.6    11.7     8.7     4.8     0.6     3.4     3.8    11.4     4.7     2.5     5.4
 1916     3.8     0.3     1.5     4.2     8.1     8.3    11.3    12.2     9.1     7.0     3.8     1.7     4.6    10.6     6.6    -1.7     5.9
 1917    -2.2    -4.5    -1.4     1.0     8.8    12.4    12.4    12.8    10.7     4.9     5.0    -1.6     2.8    12.6     6.9     0.2     4.9
 1918     0.7     1.5     1.3     4.9     8.6     8.7    12.0    12.1     9.8     6.6     2.4     4.5     5.0    11.0     6.3     1.3     6.1
 1919     0.5    -1.3     1.4     2.4     7.3     9.7    10.3    11.6    10.2     4.0    -0.2     1.5     3.7    10.6     4.7     2.0     4.8
 1920     2.1     2.3     4.0     5.9     8.6    10.2    12.5    11.0     9.8     4.0     0.4     0.8     6.2    11.3     4.7     2.0     6.0
 1921     4.2     0.9     3.1     3.7     8.2     9.7    13.1    12.5     9.5     8.7    -1.2     1.3     5.0    11.7     5.7    -1.0     6.1
 1922    -2.4    -2.0     1.5     2.2     8.0    10.4    11.5    11.1     8.8     2.9     2.3     3.5     3.9    11.0     4.7     2.2     4.8
 1923     2.3     0.7     3.0     2.8     6.9     7.7    14.1    11.6     9.5     8.2     1.9    -1.1     4.3    11.1     6.5    -1.9     5.6
 1924    -2.3    -2.3     0.1     2.8     9.1    10.5    12.3    11.0    10.7     7.5     2.6     2.5     4.0    11.3     6.9     2.6     5.4
 1925     2.4     3.0     0.5     4.1     9.1    10.1    13.8    12.9     8.4     6.4     1.3    -0.3     4.6    12.3     5.4     1.3     6.0
 1926     0.2     4.0     2.7     5.4     6.6     9.9    13.6    12.5    11.4     5.6     4.9     1.2     4.9    12.0     7.3     1.4     6.5
 1927     2.4     0.7     4.0     4.1     6.1     9.2    13.3    13.0    10.8     7.0     2.2    -2.6     4.7    11.8     6.7     0.3     5.8
 1928     1.6     2.0     0.7     3.9     6.1     9.3    12.3    12.2     8.1     6.6     5.7     0.7     3.6    11.3     6.8    -3.9     5.8
 1929    -3.8    -8.5     0.1     1.1     7.5     9.5    12.6    12.2    11.0     7.6     3.9     3.7     2.9    11.4     7.5     1.9     4.8
 1930     2.7    -0.8     1.6     4.9     7.3    12.4    12.5    12.2    10.7     7.0     5.1     1.1     4.6    12.4     7.6     0.3     6.4
 1931     0.9    -1.0    -1.7     2.4     8.8    10.3    12.7    11.7     7.7     5.1     4.1     1.3     3.2    11.5     5.6     0.4     5.2
 1932     1.8    -1.8    -1.0     3.4     7.9     9.4    13.2    13.9    11.3     6.4     3.3     1.7     3.4    12.2     7.0    -0.3     5.8
 1933    -2.4    -0.2     2.1     3.5     7.3    10.1    13.2    12.6    10.1     6.9     2.0    -3.8     4.3    12.0     6.3    -1.0     5.1
 1934     0.2     0.5     2.0     4.7     7.1    10.0    12.7    11.9    11.0     8.0     3.4     4.7     4.6    11.5     7.5     2.2     6.4
 1935     0.5     1.5     0.6     4.0     5.4    11.5    12.7    12.0    10.3     6.3     4.6     1.2     3.3    12.1     7.1     1.1     5.9
 1936     2.8    -0.6     2.7     2.4     7.8    10.7    12.6    12.3    10.0     5.0     3.2     1.8     4.3    11.9     6.1     1.2     5.9
 1937    -0.2     2.0     0.9     4.9     9.1    10.8    12.7    12.7     9.5     7.5     2.3     0.1     4.9    12.0     6.4     0.7     6.0
 1938     1.7     0.1     3.8     2.1     5.9    10.3    11.9    13.3    10.5     6.7     6.4    -1.1     3.9    11.8     7.9     0.8     6.0
 1939     2.5     1.1     1.0     4.6     6.5    10.2    12.5    13.1    10.5     4.7     4.8    -0.6     4.0    11.9     6.7    -4.6     5.9
 1940    -8.1    -5.0     1.0     4.0     7.4    11.1    11.9    11.0     8.9     5.3     4.4    -1.2     4.1    11.3     6.2    -2.4     4.2
 1941    -5.0    -1.1     1.1     2.3     4.7    10.7    13.5    11.6     9.2     6.3     1.8     2.4     2.7    11.9     5.8    -3.6     4.8
 1942    -7.2    -6.2    -1.3     3.4     6.9     9.2    11.9    13.1    10.7     8.7     3.3     2.7     3.0    11.4     7.6     1.7     4.6
 1943     0.3     2.0     2.2     5.5     7.4     9.9    12.1    13.0     9.6     7.0     2.2    -0.0     5.0    11.7     6.3     0.8     5.9
 1944     3.2    -0.7     0.1     4.4     6.1     9.7    12.9    13.9     9.3     6.6     3.8     0.4     3.5    12.2     6.6    -0.2     5.8
 1945    -4.3     3.2     3.7     4.7     8.6    11.0    12.9    12.5    10.7     7.9     3.2     1.6     5.7    12.1     7.3     0.7     6.3
 1946    -1.8     2.1     1.2     4.8     7.9     9.9    13.0    11.6    10.6     5.5     3.9    -1.8     4.6    11.5     6.7    -4.5     5.6
 1947    -4.2    -7.4    -0.3     4.3     9.1    11.9    13.6    13.4    12.2     4.9     4.5     2.0     4.4    13.0     7.2     1.5     5.3
 1948     2.8    -0.2     2.3     5.1     7.8    10.3    12.2    12.5    10.7     6.3     3.0     1.8     5.1    11.7     6.7     1.4     6.2
 1949     1.5     0.8    -0.5     5.2     7.0     9.0    12.1    12.1    12.7     7.9     2.9     3.1     3.9    11.1     7.8     1.4     6.2
 1950    -1.3     2.4     2.7     3.4     8.3    11.6    13.0    12.6    10.2     6.0     3.7    -1.6     4.8    12.4     6.6     0.3     5.9
 1951     1.7     1.0     0.2     2.3     6.7     9.8    11.5    12.2    10.7     3.8     5.6     2.8     3.0    11.2     6.7     1.0     5.7
 1952     0.5    -0.2     0.8     4.6     7.5     9.6    12.4    12.7     7.3     4.8     0.8    -0.1     4.3    11.6     4.3    -0.4     5.1
 1953    -0.3    -0.9     0.7     3.6     7.6    11.1    12.6    11.7     9.1     7.8     4.4     3.3     4.0    11.8     7.1    -1.2     5.9
 1954    -2.8    -4.2     2.0     1.5     7.1    10.5    10.7    11.8     9.8     8.3     3.3     3.4     3.5    11.0     7.2    -0.5     5.1
 1955    -2.0    -3.0    -1.9     2.8     5.3     9.2    12.8    12.7     9.9     5.6     3.3     2.4     2.0    11.6     6.3    -1.9     4.8
 1956    -0.2    -7.8     0.9     1.3     6.6     8.8    12.3    10.1    10.0     6.5     2.0     3.3     3.0    10.4     6.2     2.4     4.5
 1957     1.0     2.7     4.0     3.0     5.2    10.3    13.0    11.5     8.9     6.9     4.1     0.7     4.1    11.6     6.6     0.2     5.9
 1958    -0.4     0.4    -1.5     1.5     7.7     9.6    12.2    12.7    11.1     8.0     3.4     2.8     2.5    11.5     7.5     0.2     5.6
 1959    -0.6    -1.7     3.1     4.9     7.4    10.1    13.1    12.7     9.2     5.9     2.3     2.5     5.1    12.0     5.8     0.8     5.7
 1960     0.1    -0.1     1.9     3.6     7.5    10.8    11.1    11.8     9.3     7.5     5.0     1.9     4.4    11.2     7.3     1.4     5.9
 1961    -0.5     2.9     3.2     6.1     6.5    10.3    11.0    11.4    12.2     8.1     2.6    -0.9     5.3    10.9     7.6     0.2     6.1
 1962     1.4    -0.1    -1.3     3.7     5.7     8.7    10.6    11.1     8.6     6.8     2.1    -2.8     2.7    10.1     5.8    -5.8     4.5
 1963    -7.9    -6.6     0.2     3.8     6.6    10.6    11.9    11.5     9.9     5.8     5.8    -2.8     3.6    11.3     7.2    -1.5     4.1
 1964    -1.8     0.1    -0.7     4.2     8.3    10.4    12.0    11.4     9.5     4.6     4.0     0.7     3.9    11.2     6.0     0.3     5.2
 1965     1.0    -0.8     0.3     3.0     7.0    10.2    10.9    10.6     8.9     5.6     0.0     2.5     3.4    10.6     4.9     0.6     4.9
 1966    -2.2     1.3     1.9     4.1     7.8    11.7    11.4    11.2     9.6     8.4     2.0     2.1     4.6    11.4     6.7     1.7     5.8
 1967     1.1     2.0     3.5     2.5     7.4     9.7    13.0    12.1    10.5     8.6     2.6     1.3     4.5    11.6     7.2    -0.0     6.2
 1968    -0.8    -0.5     2.3     3.8     6.3    10.6    11.6    12.8    10.8     8.5     3.2    -1.7     4.1    11.7     7.5    -0.9     5.6
 1969     1.6    -2.5    -1.0     2.6     7.9    10.3    13.5    13.0    10.3     8.0     3.9    -3.3     3.2    12.2     7.4    -2.4     5.4
 1970    -2.0    -1.9    -0.2     2.2     7.5    11.6    11.5    12.1     9.9     7.4     4.8     1.0     3.2    11.8     7.3     0.6     5.3
 1971    -0.4     1.2    -0.4     3.5     8.4     9.6    12.6    13.0     8.8     6.4     2.9     3.9     3.8    11.7     6.1     1.0     5.8
 1972    -1.8     0.9     1.9     3.8     7.2     9.2    13.2    11.4     7.7     4.6     3.7     1.6     4.3    11.3     5.3     1.0     5.3
 1973     0.8     0.6     1.7     1.9     7.3    10.5    12.9    12.3    10.4     5.2     2.4     0.9     3.7    11.9     6.0     2.0     5.6
 1974     3.1     2.1     2.6     3.7     6.5     9.4    11.1    11.9     9.4     4.2     4.1     5.3     4.3    10.8     5.9     3.1     6.1
 1975     4.3    -0.2     1.9     3.1     6.5     9.6    13.0    13.9    11.0     5.4     2.6     2.1     3.9    12.2     6.3     1.1     6.1
 1976     1.4    -0.3    -0.6     2.3     7.5    11.5    13.8    11.9     9.8     7.7     4.4    -0.5     3.1    12.4     7.3     0.6     5.7
 1977     0.5     1.9     3.6     2.1     6.8    10.2    12.1    11.9     8.8     7.8     4.4     2.8     4.1    11.4     7.0     0.6     6.1
 1978     1.0    -1.9     3.0     2.6     7.5    10.1    11.1    11.2     9.5     7.5     3.9    -0.1     4.4    10.8     7.0    -2.8     5.4
 1979    -5.1    -3.3     1.4     3.2     6.9    10.7    11.3    11.2     9.2     6.7     2.9     3.9     3.8    11.0     6.2     1.0     4.9
 1980    -2.3     1.4     1.5     2.9     6.0    10.0    11.6    12.4    10.7     5.7     2.5     1.3     3.5    11.3     6.3     0.0     5.3
 1981    -0.3    -1.0     4.7     3.7     8.3    10.4    12.2    12.2    10.3     5.7     3.8    -2.4     5.6    11.6     6.6    -1.8     5.6
 1982    -2.4    -0.5     1.7     2.6     7.3    11.6    13.9    12.9    11.1     7.9     5.4     1.8     3.9    12.8     8.1     1.1     6.1
 1983     3.7    -2.1     2.4     4.3     7.3    10.9    14.3    13.1    10.3     7.0     2.9     1.4     4.7    12.8     6.7     0.7     6.3
 1984     1.2    -0.4     0.5     2.5     6.7     9.3    11.5    12.7     9.8     8.1     5.0     2.1     3.2    11.2     7.6    -2.6     5.8
 1985    -5.8    -4.0     1.0     4.0     8.5     9.2    12.5    11.6     9.9     6.8     0.1     4.0     4.5    11.1     5.6    -1.0     4.8
 1986    -0.0    -6.9     0.5     2.2     8.1    10.7    12.2    11.3     7.3     7.3     5.1     2.4     3.6    11.4     6.6    -1.4     5.0
 1987    -5.6    -1.0    -1.7     5.0     5.5     9.4    12.3    11.9    10.5     7.1     4.8     2.5     2.9    11.2     7.5     2.6     5.1
 1988     3.6     1.8     1.8     3.3     9.1    10.8    12.2    12.0    10.3     7.5     2.7     4.8     4.7    11.7     6.8     3.1     6.7
 1989     2.4     2.2     4.3     3.3     8.2    10.3    13.0    12.2    11.2     8.6     2.0     2.4     5.3    11.8     7.2     3.3     6.7
 1990     3.2     4.2     4.5     3.4     8.1    10.7    11.7    13.2     9.0     8.1     3.8     2.1     5.4    11.8     7.0    -0.0     6.8
 1991     1.3    -3.5     4.4     3.2     5.4     8.9    14.1    12.8    10.6     6.4     3.0     1.4     4.3    11.9     6.7     1.4     5.7
 1992     0.9     2.0     3.3     4.1     9.6    12.2    13.6    13.6    10.1     4.4     4.7     2.0     5.7    13.1     6.4     1.2     6.7
 1993     1.7    -0.1     1.5     6.1     9.2    10.7    11.8    10.9     9.4     6.0    -0.0     3.1     5.6    11.1     5.1     1.5     5.8
 1994     2.8    -1.5     3.8     4.1     8.0    10.5    15.4    13.2    10.1     5.4     6.8     3.4     5.3    13.0     7.4     2.6     6.8
 1995     0.8     3.6     1.5     4.5     7.3    10.0    14.7    14.0    10.2     9.1     3.3    -2.3     4.4    12.9     7.5    -2.6     6.4
 1996    -2.6    -2.8    -0.7     3.6     6.4    10.2    11.4    12.8     8.1     7.0     3.6    -1.6     3.1    11.5     6.3    -0.7     4.6
 1997    -3.4     3.0     3.7     2.6     7.6    10.9    13.0    15.1     9.5     5.4     3.6     2.8     4.7    13.0     6.2     2.7     6.2
 1998     2.3     3.0     3.6     5.3     9.3    11.4    12.1    11.8    11.1     6.8     1.1     2.0     6.1    11.7     6.3     1.7     6.6
 1999     2.7     0.4     3.8     5.2     8.8    10.1    13.9    13.0    13.1     7.1     3.6     2.7     5.9    12.3     7.9     2.5     7.0
 2000     2.0     2.8     3.6     5.5     9.5    11.1    11.5    12.7    11.5     8.3     5.5     3.5     6.2    11.8     8.4     1.8     7.3
 2001     0.7     1.3     2.1     3.6     8.6     9.6    13.7    13.9     9.6    10.6     3.9     0.6     4.8    12.4     8.0     2.1     6.5
 2002     2.0     3.9     3.1     4.3     9.0    11.8    13.2    14.7    10.4     5.9     5.0     0.8     5.5    13.3     7.1    -0.5     7.0
 2003    -0.2    -2.2     2.6     4.0     8.6    12.6    14.0    14.2     9.4     3.4     5.3     2.1     5.1    13.6     6.1     1.6     6.2
 2004     0.8     1.9     2.1     5.3     7.2    10.6    12.1    14.3    10.9     7.8     3.7     1.5     4.9    12.3     7.5     1.2     6.5
 2005     2.6    -0.5     2.1     5.1     7.5    10.9    13.4    11.8    11.3     9.2     4.2     2.1     4.9    12.0     8.2     0.2     6.6
 2006    -1.6    -0.1    -0.2     3.9     8.8    11.0    14.3    12.4    13.4    10.1     6.2     4.9     4.2    12.6     9.9     4.3     6.9
 2007     4.7     3.1     4.0     6.1     9.1    12.6    12.8    12.7     9.8     6.2     3.9     2.3     6.4    12.7     6.6     2.7     7.3
 2008     3.8     2.0     2.5     3.9     9.5    11.2    13.2    13.3     9.4     6.7     4.5     1.2     5.3    12.6     6.9    -0.0     6.8
 2009    -1.7     0.4     2.5     6.4     8.3    10.2    13.3    13.5    10.8     6.5     6.8     0.5     5.8    12.4     8.0    -1.3     6.5
 2010    -3.2    -1.3     2.1     4.1     6.0    10.6    14.8    12.6     9.3     6.3     3.7    -3.4     4.0    12.6     6.4    -0.4     5.1
 2011     1.3     1.0     1.9     6.6     8.4    11.1    12.0    12.8    11.1     7.1     4.3     4.2     5.6    12.0     7.5     1.3     6.8
 2012     2.3    -2.7     3.8     3.7     8.9    10.4    12.7    13.5     9.5     6.7     4.3     2.3     5.5    12.2     6.8     0.6     6.3
 2013     0.2    -0.7    -1.5     3.3     7.2    10.3    13.7    13.1    10.1     8.6     4.3     3.9     3.0    12.4     7.7     3.2     6.0
 2014     2.5     3.2     3.7     6.5     8.4    11.0    14.7    11.8    11.6     9.8     5.7     3.0     6.2    12.5     9.1     1.8     7.7
 2015     2.0     0.4     2.6     3.3     7.1    10.1    13.6    13.9     9.3     6.6     6.9     7.2     4.3    12.5     7.6     3.6     6.9
 2016     1.5     1.9     1.9     3.8     9.1    12.0    13.8    12.8    12.7     6.5     2.8     2.8     4.9    12.8     7.4     1.2     6.8
 2017    -1.2     2.0     4.5     3.4     9.3    12.4    13.5    12.9     9.9     9.5     4.6     3.2     5.7    12.9     8.0     1.4     7.0
 2018     3.2    -2.3     0.5     6.6    10.2    12.2    14.7    13.9    10.2     7.8     4.2     4.5     5.8    13.6     7.4     2.7     7.1
 2019     1.1     2.4     4.4     4.8     6.4    12.6    13.8    13.8    10.3     8.2     4.1     3.8     5.2    13.4     7.5     3.8     7.1
 2020     3.5     4.0     2.9     4.9     6.9    12.1    12.2    15.2    10.4     8.2     5.7     3.9     4.9    13.2     8.1     1.7     7.5
 2021     1.0     0.3     2.4     1.6     6.5    13.0    13.8    12.7    11.4     7.7     4.9     3.2     3.5    13.2     8.0     3.2     6.5
 2022     3.1     3.4     2.9     3.9     8.7    11.6    13.0    14.6    10.2     9.5     5.6     1.8     5.2    13.1     8.4     2.5     7.4
 2023     3.5     2.3     3.5     3.9     7.9    12.7    13.6    13.4    12.8     9.3     5.0     4.8     5.1    13.2     9.0  -999.0     7.7
